$ANSIBLE_VAULT;1.1;AES256
30623866323864326264366531303738313162613963643932343262653032333661313165356363
6134623938333034613833313939303637383430626362360a326630393863613834386164396135
37666134623236326137353636623564653137666339653034386163646131383765363566656635
6231343262626632300a636434373265336438356463646265343661636162663030613961386435
32633739633661343733623333333736653234333339643338356239613437653931663364333666
33353533646534656335323664353036316239316264646562613238613263646165376261366331
30316162383936346236646365346333653262363531666565656630646666643234356537343239
63326165343966346266353039363432316135306262623737356166316661366261373062316666
33353934306264633037393636353833353439656339343564343139653334323063336633336665
31626661666163333033373563353338653938336330326338366335393131656434666231633861
64373132396637613837656239383264666539643635613965663636363232366632376366393535
37643935656634326235616362393536323366366563333966303732613437663634346637333166
36303730316139666434306161393536626463626264663463313932393434656262373661306537
34363939343664653237616162613532616661303037633563383063613939616431316465383466
32623736633465343232306465656563646437653466666236326634303963643166326165363962
30393931633131653435313165663362383231616330363963303737326262656366323539316633
34346363613364333631373466393835626134303466333465343538306330663963353966393030
38383231363263316162383237353664346263346464633135626332393165386131626633376439
326236366133363936366265646639656133
