$ANSIBLE_VAULT;1.1;AES256
33613936356236643935393738363832353638383331643333643332396233386564316563346261
3135313664343632363466646631353836313438336431350a363265383733656362363234356631
63373937373632343261383932306266633134626363656565626363346437366130643639646464
3039333232636533350a656435613363363730333063653430303162303133376131313166656366
38383039326131323932633531346530336535393332373532666166626664613534646563356631
37343431386238383634633030643330313138646162633662616433306564363934326635633638
38316637656339643536616239376366343861653730376461636437643736343834373631333262
31656339666366373033633239326131363935346166336539313831363366373166313037656430
36383461376639653338313436393332393739386631336235646330343531643136373934656630
36613865383733663263303563633138656565343734343733623161363266346437343230653664
39653964373165376362303036643163623937376532343461623735356437656239373639333161
30323338323238386262633264353236636363356538346435386134346630313365313735326466
39326633663862333065356461646535313561343766313563363836613264333463343833383536
38396533316332343063376138356139386366323664333139306164623731646333353564353261
36363064346233653162613530646236646534366433353763393364653264663037613664643835
61306264633133646166633662353265353334643432313465633532396631393365326436623436
64343763353436636434383233366134343862623062353061393030343231353661616533323832
38343931626631303331643966353835346335333439663833623962333433666135643965366432
326233366534613266336639316530356664
