$ANSIBLE_VAULT;1.1;AES256
37666634646262663064336532623835323538663835623533306663396134653533623638303962
6638303330613534656366373736646236333665343962350a623636393834356236353636616639
31663537333765383539376661366433643533373963626131316136633137363333306431363966
3462623961343430300a366632333265303764633638303366313537303366366132636534313531
36656663653738653537616466633463363235633063363762333464303836363738363362313935
31363065313763613763353437663738343939303838326237303962323861376538373336363265
31633133353731356563626631303964636630366132393138323763613166353035643036363965
33643631663335633130386166346266666566306330636165366363363234373239636264323636
32366461363337393361653232333562663439663036643631366366343432323763653161633737
39366331383235353130393261653664633261623534386334626564356637333064326133303939
64346535663263616431636136323963613130653864663761623236316636363034633766363339
33653231353162613636336630666665653835633336643730376461383531373666336235656466
32663061643166316435626133303066396232643763313531613463373863333031636335373035
38663466366630326464656135383563613565626139666232356632623862383337383062653531
63643936663133306665373866646464346631316464366537646639383439366366336438616362
35386236333265313634386663373233656162303432663831373534613738303131613066353733
30633036636564373366623466656433356530366334333835313736306463343238316135663738
30326164303266393465343636386666356236666134316238306662366338613361653963663038
64646336653339303966613632373336633761656136643031396438616633663765623361326335
31343766316433623332616438346635633665373936346565643631323138613863383963636636
3438
